1: 1 5 15 111 1	 
2: 2 10 5 112 1
3: 3 5 15 113 0
4: 4 6 9 114 1
5: 5 5 15 115 1
6: 6 5 15 116 0
7: 7 9 6 117 1
8: 8 15 5 118 0
9: 9 10 5 119 1
10: 10 5 10 120 1
11: 11 6 9 121 1
12: 12 10 8 122 1
13: 13 10 5 123 0
14: 14 9 6 124 0
15: 15 5 10 125 0
16: 16 10 8 126 1
17: 17 6 9 127 0
18: 18 10 8 128 1
19: 19 12 14 129 1
20: 20 10 8 130 0
21: 21 7 8 131 1
22: 22 14 12 132 1
23: 23 7 8 133 1
24: 24 8 10 134 0
25: 25 12 14 135 0
26: 26 8 7 136 0
27: 27 7 8 137 0
28: 28 9 10 138 1
29: 29 12 14 139 0
30: 30 9 10 140 1
31: 31 10 9 141 0
32: 32 14 12 142 0
33: 33 10 9 143 0
34: 34 8 7 144 0
35: 35 10 9 145 0
