1: 1 10 9 145 0 	
2: 2 8 7 144 0 
3: 3 10 9 143 0  
4: 4 14 12 142 0
5: 5 10 9 141 0
6: 6 9 10 140 1
7: 7 12 14 139 0
8: 8 9 10 138 1
9: 9 7 8 137 0
10: 10 8 7 136 0
11: 11 12 14 135 0
12: 12 8 10 134 0
13: 13 7 8 133 1
14: 14 14 12 132 1
15: 15 7 8 1 131 1
16: 16 10 8 130 0
17: 17 12 14 129 1
18: 18 10 8 0 128 1
19: 19 6 9 1 127 0
20: 20 10 8 126 1
21: 21 5 10 125 0
22: 22 9 6 124 0
23: 23 10 5 123 0
24: 24 10 8 122 1
25: 25 6 9 121 1
26: 26 5 10 120 1
27: 27 10 5 119 1
28: 28 15 5 118 0
29: 29 9 6 117 1
30: 30 5 15 116 0
31: 31 5 15 115 1
32: 32 6 9 114 1
33: 33 5 15 113 0
34: 34 10 5 112 1
35: 35 5 15 111 1
